120
158
85
246
247
220
10
8
15
236
232
45
28
23
140
226
5
19
10
2
77
33
130
236
143
177
97
26
156
166
56
114
10
76
188
247
34
193
227
65
115
240
162
146
154
140
34
21
26
248
104
117
74
42
190
30
158
91
205
77
185
244
0
155
20
208
254
67
66
191
155
94
199
19
248
56
140
30
203
135
34
40
6
208
189
213
95
50
121
160
251
44
203
128
243
189
122
156
181
216
32
113
231
223
247
31
214
25
4
71
164
219
173
242
29
2
215
46
9
53
125
99
146
143
8
129
87
81
73
134
252
128
82
65
127
81
73
119
22
64
59
241
0
211
24
151
144
180
125
218
